[0.8943110524081325, 0.8950775979999056, 0.8950658049908015, 0.8949950469361763, 0.8941931223170905, 0.894747393744988, 0.8947591867540922, 0.8946294636539459, 0.8947827727723006, 0.8947356007358838, 0.8949478748997595, 0.8947709797631964, 0.8949124958724468, 0.8943818104627577, 0.8946058776357375, 0.8944997405537997, 0.8944997405537997, 0.8948299448087174, 0.8948535308269258, 0.8945940846266334, 0.8952073211000519, 0.8949714609179679, 0.8949007028633426, 0.894747393744988, 0.8945233265720081, 0.8947827727723006, 0.8951365630454267, 0.8947356007358838, 0.8945822916175291, 0.8947002217085711, 0.8949714609179679, 0.894806358790509, 0.8949007028633426, 0.894983253927072, 0.894688428699467, 0.8944879475446955, 0.8947002217085711, 0.8949007028633426, 0.8946648426812586, 0.8946648426812586, 0.8948889098542384]
L1
[0.892311320754717, 0.8931132075471698, 0.8931132075471698, 0.8927830188679245, 0.8925, 0.8926886792452831, 0.892877358490566, 0.8928301886792452, 0.892877358490566, 0.8926886792452831, 0.8926415094339623, 0.8928301886792452, 0.8930188679245283, 0.892122641509434, 0.8925943396226416, 0.8926886792452831, 0.8926415094339623, 0.8931132075471698, 0.8929716981132075, 0.8930188679245283, 0.8931603773584905, 0.8930188679245283, 0.8927830188679245, 0.8927830188679245, 0.892311320754717, 0.8927830188679245, 0.8932547169811321, 0.8926415094339623, 0.892877358490566, 0.8926886792452831, 0.892877358490566, 0.8925943396226416, 0.8929716981132075, 0.8931603773584905, 0.8930188679245283, 0.892311320754717, 0.8926886792452831, 0.8927830188679245, 0.892877358490566, 0.8926415094339623, 0.8928301886792452]
L1
[0.890728476821192, 0.890813380879606, 0.89089828493802, 0.8903888605875361, 0.8900492443538801, 0.890728476821192, 0.8903888605875361, 0.8905586687043641, 0.8903039565291221, 0.8903888605875361, 0.8903888605875361, 0.8903888605875361, 0.8903888605875361, 0.8904737646459501, 0.8903888605875361, 0.8905586687043641, 0.8905586687043641, 0.8904737646459501, 0.8903888605875361, 0.8905586687043641, 0.890728476821192, 0.890983188996434, 0.8905586687043641, 0.8903888605875361, 0.8904737646459501, 0.8902190524707081, 0.891068093054848, 0.8905586687043641, 0.8904737646459501, 0.8905586687043641, 0.8903888605875361, 0.891237901171676, 0.891407709288504, 0.8905586687043641, 0.8904737646459501, 0.8904737646459501, 0.890728476821192, 0.8903039565291221, 0.890728476821192, 0.8904737646459501, 0.8906435727627781]
##########################
[0.8919052785508751, 0.8923769989150432, 0.8921057597056465, 0.8925303080333978, 0.8915279022595406, 0.8919878296146044, 0.8923416198877305, 0.8920467946601255, 0.8922001037784801, 0.8919760366055003, 0.8921529317420633, 0.8919878296146044, 0.8921175527147507, 0.8920114156328128, 0.8918109344780414, 0.891669418368791, 0.8921765177602717, 0.8919996226237087, 0.891846313505354, 0.8919052785508751, 0.8922236897966885, 0.8922472758148969, 0.8924359639605641, 0.8920232086419171, 0.8920821736874381, 0.8921293457238549, 0.892306240860418, 0.8921293457238549, 0.8919052785508751, 0.8921175527147507, 0.8923180338695221, 0.8924123779423557, 0.8925656870607104, 0.8924005849332516, 0.8917991414689372, 0.8916340393414783, 0.8918816925326666, 0.8923769989150432, 0.8919052785508751, 0.8919170715599792, 0.8921175527147507]
L2
[0.8907075471698114, 0.8908962264150944, 0.8908018867924529, 0.8914150943396226, 0.8904716981132076, 0.8908018867924529, 0.8911320754716981, 0.8905660377358491, 0.8911320754716981, 0.8904245283018868, 0.8910377358490567, 0.8905660377358491, 0.8907075471698114, 0.8904245283018868, 0.8908018867924529, 0.8907075471698114, 0.8908490566037736, 0.8908018867924529, 0.8905188679245283, 0.8910849056603773, 0.8909905660377359, 0.8908018867924529, 0.8911320754716981, 0.8908962264150944, 0.8913679245283019, 0.8909905660377359, 0.8907075471698114, 0.890943396226415, 0.890943396226415, 0.8908490566037736, 0.8909905660377359, 0.8906603773584906, 0.8911792452830188, 0.890943396226415, 0.8907075471698114, 0.8904716981132076, 0.8906603773584906, 0.8910849056603773, 0.8907075471698114, 0.8909905660377359, 0.8911320754716981]
L2
[0.8873323144846323, 0.8874172185430463, 0.8873323144846323, 0.8872474104262184, 0.8870776023093904, 0.8869926982509764, 0.8869077941925624, 0.8865681779589064, 0.8865681779589064, 0.8872474104262184, 0.8868228901341484, 0.8866530820173204, 0.8871625063678044, 0.8874172185430463, 0.8866530820173204, 0.8870776023093904, 0.8873323144846323, 0.8869077941925624, 0.8873323144846323, 0.8869077941925624, 0.8869926982509764, 0.8877568347767023, 0.8869926982509764, 0.8867379860757344, 0.8869926982509764, 0.8870776023093904, 0.8875021226014603, 0.8868228901341484, 0.8870776023093904, 0.8866530820173204, 0.8871625063678044, 0.8876719307182883, 0.8885209713024282, 0.8869077941925624, 0.8869926982509764, 0.8868228901341484, 0.8874172185430463, 0.8869926982509764, 0.8869077941925624, 0.8866530820173204, 0.8870776023093904]
print(train_acc_l1) print("L1") print(validation_acc_l1) print("L1") print(test_acc_l1) print("##########################") print(train_acc_l2) print("L2") print(validation_acc_l2) print("L2") print(test_acc_l2) 
